
state={
	id=205
	name="STATE_205"

	history={
		owner = SOV
		buildings = {
			infrastructure = 5

		}
		add_core_of = SOV

	}

	provinces={
		432 470 475 508 554 566 576 642 1247 1290 1318 1429 3404 3467 3502 3515 3618 4254 4294 4351 4394 6491 6523 6551 6564 6588 6615 7313 7322 7341 7370 7410 7438 9453 9462 9469 9487 9526 9528 9538 9549 10253 10262 10264 11442 11455 11469 11473 11480 11510 11524 11537 11552 11591 12163 12179 12227 12233 12235 12254 12294 12474 13008 
	}
	manpower=624556
	buildings_max_level_factor=1.000
	state_category=town
}
