
state={
	id=401
	name="STATE_401"
	resources={
		steel=24.000
		tungsten=16.000
	}

	history={
		owner = SOV
		buildings = {
			infrastructure = 4

		}
		add_core_of = SOV

	}

	provinces={
		232 260 269 270 275 283 297 313 314 324 325 330 340 345 350 367 368 372 376 392 396 397 404 471 3197 3199 3221 3224 3257 3261 3266 3269 3275 3282 3285 3302 3303 3315 3317 3322 3332 3334 3349 3352 3356 3360 3361 3371 3383 3387 3389 3394 3465 3566 6230 6248 6253 6279 6284 6291 6294 6295 6299 6307 6312 6317 6327 6329 6333 6337 6338 6343 6357 6362 6369 6370 6374 6391 6398 6403 6409 6410 6428 9244 9245 9258 9259 9266 9273 9276 9280 9286 9291 9298 9305 9307 9312 9313 9324 9325 9330 9336 9344 9354 9358 9360 9367 9368 9373 9376 9381 9389 9394 9395 9407 9422 9529 11217 11227 11243 11248 11258 11262 11268 11269 11275 11277 11292 11294 11296 11309 11314 11323 11324 11340 11344 11351 11356 11363 11373 11375 11379 11381 11387 11394 11436 
	}
	manpower=103088
	buildings_max_level_factor=1.000
	state_category=rural
}
