
state={
	id=538
	name="STATE_538"

	history={
		owner = UNC
		buildings = {
			infrastructure = 1

		}

	}

	provinces={
		191 988 1181 1516 1731 1817 1929 1950 1953 1968 2024 2034 2073 2096 2154 2220 3165 3854 4033 4128 4171 4201 4515 4941 5084 5117 6027 7088 7133 7161 7219 7716 7931 7996 8016 8048 9962 9986 10025 10071 10764 10766 10857 10858 10859 10877 10883 10908 10951 10968 11934 12719 12741 12775 12783 12795 12808 12824 12847 12896 12907 12925 12945 12989 13176 13177 
	}
	manpower=188220
	buildings_max_level_factor=1.000
	state_category=wasteland
}
