
state={
	id=243
	name="STATE_243"

	history={
		owner = SOV
		buildings = {
			infrastructure = 5
			air_base = 2

		}
		add_core_of = SOV

	}

	provinces={
		227 228 292 298 326 338 339 353 355 365 393 403 410 452 483 497 499 3214 3216 3251 3265 3316 3328 3343 3348 3357 3365 3372 3382 3477 3486 3490 3517 3529 3551 3555 3578 3582 4400 6308 6323 6339 6352 6366 6368 6394 6404 6424 6473 6479 6502 6506 6527 6539 6541 6574 6575 6601 6602 9271 9299 9337 9365 9385 9391 9401 9432 9436 9445 9473 9475 9504 9514 9530 9577 10301 11225 11256 11273 11281 11319 11321 11339 11348 11377 11389 11395 11421 11423 11458 11460 11496 11523 
	}
	manpower=864023
	buildings_max_level_factor=1.000
	state_category=rural
}
