
state={
	id=244
	name="STATE_244"

	history={
		owner = SOV
		buildings = {
			infrastructure = 5

		}
		add_core_of = SOV

	}

	provinces={
		1659 1664 1674 1679 1718 1726 1744 1757 1765 1768 1780 1784 1812 1824 1856 3169 4681 4710 4715 4730 4746 4767 4771 4774 4817 4827 4846 7655 7685 7701 7733 7738 7750 7768 7781 7789 7793 7796 7809 7837 7849 7861 7867 7882 7895 10529 10533 10544 10561 10576 10592 10604 10613 10617 10620 10663 10673 10686 10692 10705 12174 12510 12514 12517 12536 12542 12574 12595 12599 12602 12630 12639 12655 12666 12672 12700 
	}
	manpower=821702
	buildings_max_level_factor=1.000
	state_category=rural
}
