
state={
	id=273
	name="STATE_273"

	history={
		owner = UNC
		buildings = {
			infrastructure = 0

		}

	}

	provinces={
		414 565 577 591 596 606 614 619 637 646 711 723 727 744 797 818 937 953 984 1901 2068 3407 3592 3601 3609 3617 3623 3630 3636 3639 3645 3663 3689 3724 3728 3741 3868 3922 3939 3956 3974 3985 4138 4191 5101 6584 6600 6614 6619 6634 6643 6647 6652 6667 6670 6677 6695 6706 6709 6747 6913 6940 6942 6946 6957 6998 7041 7939 7985 8069 9548 9586 9588 9591 9595 9596 9599 9602 9606 9617 9619 9651 9701 9756 9809 9849 9874 9890 9906 10749 10785 10868 10884 10917 11534 11574 11577 11583 11592 11594 11603 11608 11619 11636 11652 11655 11657 11686 11689 11705 11741 11845 11899 11901 12711 13244 13264 13265 13282 
	}
	manpower=4737
	buildings_max_level_factor=1.000
	state_category=wasteland
}
