
state={
	id=328
	name="STATE_328"

	history={
		owner = MAN
		add_core_of = MAN
		buildings = {
			infrastructure = 4

		}

	}

	provinces={
		783 800 810 861 887 927 944 945 946 973 1567 1571 3791 3815 3843 3888 3913 3929 3932 3944 3949 4503 4551 4572 5427 6806 6811 6863 6868 6905 6947 6964 7523 7569 7591 7652 7663 7670 9623 9759 9766 9782 9798 9803 9841 9848 9866 9897 9913 9928 10215 10376 10433 10463 10503 10519 10521 11744 11781 11823 11850 11864 11893 11906 12342 12355 12412 12443 12482 12500 
	}
	manpower=8237362
	buildings_max_level_factor=1.000
	state_category=rural
}
