
state={
	id=330
	name="STATE_330"

	history={
		owner = MON
		add_core_of = MON
		buildings = {
			infrastructure = 2

		}

	}

	provinces={
		565 1689 1723 1725 1728 1743 1781 1787 1791 1798 1834 1853 1855 1859 1868 4655 4697 4729 4732 4745 4766 4777 4786 4792 4801 4856 4858 4862 4873 4882 7676 7717 7743 7749 7752 7773 7799 7806 7823 7864 7881 7885 9606 10554 10558 10560 10563 10575 10578 10612 10623 10632 10634 10638 10647 10669 10689 10695 10704 10708 11608 12520 12533 12539 12541 12544 12557 12579 12605 12612 12614 12629 12649 12665 12669 12675 12686 12690 
	}
	manpower=857779
	buildings_max_level_factor=1.000
	state_category=town
}
