
state={
	id=351
	name="STATE_351"

	history={
		owner = SOV
		buildings = {
			infrastructure = 3

		}
		add_core_of = SOV

	}

	provinces={
		2 12 62 73 75 84 97 106 112 121 135 143 164 174 175 214 231 252 256 280 346 357 378 2996 3004 3056 3066 3087 3091 3099 3116 3124 3135 3157 3164 3175 3190 3202 3220 3240 3245 3259 3268 3290 3339 3347 3370 6077 6091 6097 6101 6112 6113 6119 6135 6143 6149 6158 6166 6180 6190 6215 6231 6247 6269 6283 6316 6346 6356 6358 6392 9033 9043 9050 9102 9110 9113 9122 9131 9136 9159 9168 9172 9188 9199 9200 9202 9222 9235 9257 9267 9278 9311 9345 9356 9378 11027 11035 11074 11075 11086 11095 11099 11107 11134 11143 11166 11177 11180 11189 11205 11213 11236 11239 11252 11295 11330 11338 11362 
	}
	manpower=661344
	buildings_max_level_factor=1.000
	state_category=town
}
