
state={
	id=400
	name="STATE_400"
	resources={
		aluminium=14.000
	}

	history={
		owner = SOV
		buildings = {
			infrastructure = 4

		}
		add_core_of = SOV

	}

	provinces={
		6 23 31 45 88 99 108 119 123 146 186 189 196 272 282 305 359 370 381 1295 1307 3000 3017 3027 3041 3079 3081 3102 3103 3112 3139 3146 3155 3166 3167 3177 3186 3264 3270 3294 3300 3363 4298 4314 4326 4356 6088 6089 6100 6110 6121 6124 6133 6162 6171 6191 6193 6199 6202 6213 6217 6224 6274 6278 6288 6297 6372 6383 6388 7318 7330 7359 7403 9065 9114 9124 9133 9145 9146 9155 9180 9192 9210 9213 9214 9225 9232 9270 9283 9293 9370 9390 9402 10200 11025 11051 11061 11087 11110 11124 11133 11149 11158 11170 11179 11192 11193 11200 11203 11255 11263 11286 11320 11354 11365 12175 12203 12244 12558 12587 
	}
	manpower=235052
	buildings_max_level_factor=1.000
	state_category=town
}
