
state={
	id=407
	name="STATE_407"

	history={
		owner = SOV
		buildings = {
			infrastructure = 3

		}
		add_core_of = SOV

	}

	provinces={
		273 291 432 470 508 554 566 576 1210 1254 1258 1278 1290 1305 1318 1350 1378 3289 3330 3385 3404 3467 3502 3515 3563 3618 4283 4322 4324 4351 4354 6246 6285 6379 6491 6515 6523 6551 6564 6588 6615 7237 7322 7343 7416 7431 7438 7444 9349 9420 9453 9462 9469 9487 9526 9528 9538 9549 10226 10299 11433 11442 11455 11469 11473 11480 11510 11524 11537 11552 11591 12128 12130 12172 12242 12270 12298 
	}
	manpower=29841
	buildings_max_level_factor=1.000
	state_category=rural
}
