
state={
	id=516
	name="STATE_516"

	history={
		owner = SOV
		add_core_of = SOV
		buildings = {
			infrastructure = 1

		}

	}

	provinces={
		96 1659 1664 1679 1684 1697 1722 1729 1741 1744 1745 1757 1768 1777 1780 1784 1812 1819 1828 1852 1856 1878 2853 2877 2972 3169 3184 3336 3415 4006 4229 4455 4669 4687 4703 4710 4715 4733 4743 4746 4761 4774 4785 4798 4812 4817 4831 4842 4846 4859 4878 5264 6085 6211 7685 7689 7701 7707 7726 7733 7738 7744 7750 7765 7768 7781 7796 7805 7809 7817 7837 7863 7867 7882 7895 8461 9142 9224 10536 10544 10557 10561 10564 10576 10589 10592 10604 10607 10620 10628 10631 10635 10641 10663 10688 10692 10701 10705 11122 11328 12517 12531 12538 12542 12545 12549 12555 12574 12592 12595 12602 12608 12611 12615 12623 12630 12634 12639 12643 12655 12668 12672 12681 12687 12700 13059 13061 13062 13065 13076 
	}
	manpower=4800
	buildings_max_level_factor=1.000
	state_category=wasteland
}
