
state={
	id=563
	name="STATE_563"

	history={
		owner = SOV
		add_core_of = SOV
		buildings = {
			infrastructure = 3

		}

	}

	provinces={
		1672 1696 1707 1727 1735 1762 1803 1810 1813 1826 1829 1876 4675 4677 4705 4719 4750 4766 4797 4808 4815 4832 4837 7713 7725 7751 7769 7786 7802 7816 7835 7838 7841 7860 7876 7902 10524 10528 10543 10549 10559 10562 10565 10570 10574 10596 10643 10658 10661 10664 10681 10683 10699 12507 12523 12525 12540 12556 12622 12641 12644 12647 13152 
	}
	manpower=316034
	buildings_max_level_factor=1.000
	state_category=rural
}
