
state={
	id=570
	name="STATE_570"

	history={
		owner = SOV
		victory_points = {
			7274 3 
		}
		buildings = {
			infrastructure = 4
			industrial_complex = 2
			air_base = 1

		}
		add_core_of = SOV

	}

	provinces={
		1297 1369 1685 1702 1709 1733 1777 1779 1790 1794 1797 1800 1816 1835 1850 1860 4366 4665 4690 4700 4711 4724 4734 4782 4789 4793 4803 4806 4818 4840 4853 4866 7274 7680 7681 7687 7708 7722 7744 7757 7800 7815 7822 7825 7886 10202 10537 10546 10555 10568 10580 10600 10626 10639 10649 10652 10696 10712 11410 12515 12528 12546 12563 12580 12606 12613 12616 12621 12628 12631 12652 12679 12691 
	}
	manpower=196152
	buildings_max_level_factor=1.000
	state_category=town
}
