
state={
	id=582
	name="STATE_582"
	resources={
		steel=40.000
		oil=6.000
	}

	history={
		owner = SOV
		buildings = {
			infrastructure = 5

		}
		add_core_of = KIS
		add_core_of = ORT
		add_core_of = KAZ

	}

	provinces={
		206 273 291 1210 1233 1254 1258 1278 1292 1294 1305 1327 1334 1350 1365 1378 1380 1406 1775 3280 3289 3330 3385 3563 4215 4242 4261 4265 4283 4311 4322 4324 4354 4383 4411 6246 6285 6379 6515 7237 7281 7285 7300 7320 7328 7343 7373 7401 7416 7431 7444 9292 9349 9420 10136 10142 10170 10185 10196 10213 10224 10226 10256 10286 10299 10314 10329 10542 11223 11433 12106 12117 12128 12130 12157 12172 12200 12242 12270 12287 12298 12584 12626 
	}
	manpower=12901
	buildings_max_level_factor=1.000
	state_category=rural
}
