
state={
	id=599
	name="STATE_599"

	history={
		owner = CHI
		add_core_of = CHI
		buildings = {
			infrastructure = 3

		}

	}

	provinces={
		1018 1023 1047 1078 1087 1120 1131 1162 1187 1202 1469 1597 1625 4023 4028 4050 4077 4085 4092 4134 4152 4165 4177 4207 4628 4656 7039 7044 7067 7095 7108 7128 7137 7141 7152 7168 7182 7192 7210 7650 9938 9963 9970 9978 9997 10004 10039 10050 10080 10105 10121 10404 10431 10459 11926 11938 11941 11983 12014 12023 12077 12095 12407 12436 
	}
	manpower=7965022
	buildings_max_level_factor=1.000
	state_category=town
}
