
state={
	id=653
	name="STATE_653"

	history={
		owner = SOV
		victory_points = {
			1821 1 
		}
		buildings = {
			infrastructure = 6
			arms_factory = 2
			industrial_complex = 1
			air_base = 1

		}
		add_core_of = SOV

	}

	provinces={
		206 237 278 307 361 390 1233 1292 1294 1327 1336 1365 1380 1543 1704 1750 1754 1771 1775 1808 1821 1841 3127 3280 4242 4372 4758 4802 4813 4874 6025 7228 7285 7320 7346 7375 7778 7824 9292 9553 10133 10136 10142 10170 10189 10213 10216 10286 10314 10329 10542 10551 10648 10716 10720 11111 11195 11223 11228 11307 11352 12102 12106 12117 12157 12187 12216 12287 12527 12567 12584 12626 12659 12696 
	}
	manpower=226670
	buildings_max_level_factor=1.000
	state_category=city
}
